5.951556
3.647171
0.053756
5.610877
8.965704
5.317169
7.804877
1.619543
1.372977
8.939435
7.829982
3.474103
8.001724
0.753255
5.179005
8.814562
8.436007
3.712535
2.288488
8.678649
2.669008
8.220246
2.665175
9.845333
3.601202
2.553616
5.992277
3.597100
8.104275
7.327497
6.324955
4.220135
8.346111
3.061372
2.957219
0.914757
5.635002
6.969447
7.129980
8.614045
5.671605
0.255215
1.753904
5.613305
3.174774
8.642159
2.285469
2.552691
8.429855
5.813160
3.130702
9.216217
3.319182
1.268628
7.894294
4.645733
4.785332
0.562574
9.686290
2.721875
2.969410
2.662753
7.562896
9.319609
3.891653
3.764555
4.232815
6.897738
8.949718
6.645538
9.137047
5.798294
2.188813
8.083266
2.029094
5.232795
4.304193
8.981632
4.076133
8.131468
4.715543
3.479700
5.967277
3.608262
3.170188
9.704027
9.708608
7.259910
9.273724
8.728780
3.508868
8.273776
8.328253
7.669211
2.144983
6.365171
6.319430
8.004519
4.114907
5.900275
1.418657
0.874020
5.978419
3.286761
1.266411
4.050332
4.325329
7.892296
8.807121
5.108224
8.245482
6.097751
3.308407
7.054780
3.175728
0.045071
1.047841
4.753458
9.794666
1.148234
2.209777
1.848278
6.027789
7.377164
3.875488
9.579576
6.445825
9.637955
6.818063
0.396095
0.219871
0.414890
8.475458
5.299385
4.598593
7.600762
6.226056
2.396616
3.737219
8.448498
3.682980
5.506651
7.463127
1.482606
1.880395
9.226108
7.571934
6.643348
8.283591
9.999260
4.200093
3.230473
1.814903
5.107588
8.883528
5.014430
1.527864
8.580494
6.308378
5.413425
7.815537
2.459598
5.600890
7.065846
5.137455
4.373872
8.607712
0.056919
3.420576
9.781900
3.522239
9.551328
6.601632
0.327060
8.305406
3.825547
4.992038
7.569846
0.568902
0.245510
0.392487
7.117189
2.847292
0.775512
6.680389
2.881563
2.356473
5.201691
4.408360
0.558820
4.960290
8.648656
1.237043
6.523775
4.281071
0.262745
3.473586
5.492100
4.356115
6.004573
7.586310
6.215131
8.799885
2.286035
8.949491
2.487995
7.918516
6.641504
5.946564
3.445017
0.276049
5.359417
6.645025
3.366792
6.281296
2.042158
6.030291
2.067623
0.724410
9.061626
2.510759
0.397863
5.528972
2.080360
6.778188
2.837143
4.742626
5.962586
7.296681
3.834462
0.423480
1.786728
6.820259
9.186353
1.327211
4.393443
8.575063
7.563661
8.986878
2.719221
9.164596
4.505998
1.948897
5.955926
7.414054
7.345419
6.866703
2.696156
3.176950
4.284400
8.914877
8.681773
0.757007
5.843692
4.847548
2.345956
0.627231
4.135726
3.933145
5.449772
1.704283
1.893362
6.922493
8.591861
2.787635
2.865257
7.983271
0.284174
8.525614
0.712868
5.500214
8.379784
6.471423
2.823356
7.904382
3.487208
8.223149
9.257599
9.075135
0.919888
4.669793
8.484948
1.989082
9.755048
7.296700
3.416059
2.691189
8.943496
6.450081
8.365183
7.268327
6.324097
6.769028
1.714118
9.926212
4.159141
0.751393
6.622687
8.652817
0.519712
7.635152
1.809521
0.421659
1.924716
0.421415
0.586463
1.354597
5.326111
0.960169
4.313830
4.941158
3.312555
7.222956
2.746484
6.093780
3.994034
4.088152
8.078424
0.303232
6.586362
7.560667
7.297861
3.472412
8.199824
1.956970
4.181380
0.301256
0.141203
3.894442
4.508245
8.600090
9.227443
7.299626
6.290121
8.270944
1.692090
8.973315
3.245010
0.943730
6.490875
2.539874
4.611012
7.490353
2.778317
1.331924
4.878772
6.228779
7.337092
1.680207
1.129226
6.971519
5.509609
0.525986
9.618465
3.256318
7.527039
0.322454
7.256158
5.729977
9.337933
9.991379
3.018477
7.845216
1.916658
4.922368
0.074276
3.247656
0.819347
4.816695
9.994276
3.488571
1.031562
1.336978
0.017019
7.995133
1.603081
0.200445
8.671253
0.702693
0.230154
3.943252
8.975917
6.344682
1.558949
1.649050
7.186385
8.425205
1.374240
6.833417
4.957895
8.673233
1.850460
6.434792
8.135164
5.119670
6.718122
8.574864
9.081063
6.972993
0.882680
0.791743
3.241349
3.161022
5.692067
5.654064
8.115303
1.219488
5.182462
7.073751
6.286308
6.587626
3.555119
4.480550
3.623227
5.394716
1.853713
3.539162
2.690720
3.016191
8.248071
8.131475
2.166646
0.578098
4.408025
9.128295
8.500988
7.720192
2.032614
7.533250
6.470444
0.730277
3.740616
4.030611
6.980770
7.429527
5.393487
3.199790
7.770951
4.789137
9.611830
2.562206
9.245806
4.698283
8.506918
5.834858
6.969112
5.312148
1.198889
6.746082
7.862239
2.883115
6.697272
6.865586
9.063436
6.272763
8.179689
4.677696
2.325489
9.987829
7.675049
4.768722
7.582330
2.871178
9.061745
1.502955
4.613041
6.034996
4.413537
8.097619
8.083217
1.878176
1.406225
3.396130
9.200349
5.980012
7.676323
1.833806
8.812462
8.380923
4.042379
7.179615
5.354348
6.275235
5.853279
0.846412
5.754485
4.175476
4.755319
7.130032
1.885089
3.454654
9.663874
6.646093
2.451297
1.616823
2.600264
1.124671
6.892626
7.008242
8.195636
5.537136
0.356041
5.212262
0.287191
0.065448
2.187501
8.395214
2.087650
2.634484
2.146126
2.161661
6.952627
9.819302
6.844560
7.830448
0.938062
7.048116
4.075952
4.608856
8.972964
7.787920
5.355137
5.357969
0.519897
7.526327
2.469231
2.696923
8.118175
2.599589
3.563077
3.971344
0.826780
4.392038
9.519175
2.878449
6.608609
1.473365
1.780612
0.955593
2.194433
1.133158
6.455949
9.454980
3.829637
5.028379
2.439278
4.095692
1.243570
3.549907
7.053540
8.158294
0.536980
5.369099
3.476580
9.267342
7.243381
7.727983
9.225629
5.202131
8.087900
2.310510
9.867352
9.012319
2.340341
4.300357
6.802898
5.930129
7.443358
8.763121
9.567496
7.406969
4.726290
6.876015
5.508701
8.256378
5.923188
5.693385
8.816243
9.000049
7.561301
1.118141
1.296212
2.007275
2.344364
8.819157
7.036981
4.215495
1.030806
5.032706
7.788650
5.749089
6.298085
0.823127
1.120837
5.991832
2.341735
8.741539
7.465639
3.637498
9.146302
5.540684
6.947617
4.595891
3.857390
1.583353
7.511627
8.224144
1.760283
1.398692
5.554078
6.767558
5.391366
2.911891
9.583849
9.743161
8.037742
1.668007
3.792537
5.770045
5.505884
0.843251
0.171041
1.888397
7.873061
1.223419
0.254795
8.737425
3.226188
8.230299
9.843008
8.751860
9.096542
6.234494
6.920247
6.447670
8.010234
7.584551
3.396660
4.600274
7.912523
1.627196
4.293036
4.493128
1.214699
9.988715
7.987904
8.271333
0.001894
6.541210
1.206165
0.483410
5.209112
7.036404
1.262237
2.029444
2.222765
9.999194
4.888249
6.828270
4.965581
5.016229
9.294046
0.729737
5.669643
9.255684
5.372340
5.524714
2.576393
9.053132
9.329352
4.873165
9.238620
7.943161
2.199403
4.737146
4.218072
9.759125
8.726688
3.427709
9.778405
6.274356
7.687632
7.880581
9.864647
1.002759
2.603319
5.423966
0.976920
8.804819
4.595883
1.303778
1.701877
8.986044
1.365607
6.546869
6.416461
8.554712
2.375857
4.922971
5.651733
1.845220
7.575892
2.898020
2.156482
0.736820
3.394982
0.310246
0.234901
9.555481
1.108871
5.788136
1.932951
4.398206
9.713273
6.391656
2.869573
1.028618
5.867823
9.962175
2.139379
4.616828
6.338566
8.718220
2.827023
1.433382
8.503445
1.825946
5.763263
3.541033
9.661065
9.946921
1.017175
7.448114
8.675456
6.725478
9.413307
0.222021
6.725312
9.656248
6.039590
7.157795
8.732886
9.137765
9.540122
7.723614
6.420445
4.729643
7.004073
2.577921
9.509155
9.212812
4.174999
4.754523
2.435018
2.764204
8.390832
2.283731
5.333503
6.960341
2.765419
3.621811
7.453783
7.452350
4.098623
9.606256
1.162965
0.487774
0.225500
9.870068
6.978029
7.683283
5.818213
8.531904
2.577770
8.878247
1.785531
1.221336
8.911662
2.195402
6.956440
4.702537
6.247448
5.218009
9.996483
6.648502
3.154831
2.365881
7.470773
5.159612
4.981566
2.902471
8.661230
0.685950
1.638764
2.637615
9.039643
4.076376
3.500463
0.256942
0.120883
3.594365
3.362421
9.526490
4.528508
7.192367
8.728217
7.722312
9.162183
9.085329
3.373663
4.418286
5.764895
8.059732
8.981348
7.310024
0.513418
2.862167
1.569674
6.473516
6.025517
9.174484
7.003908
1.703741
2.915475
6.284644
4.627246
0.360791
7.282061
7.804549
8.151048
6.024377
7.462323
6.159928
7.720550
0.999552
0.391020
0.376352
1.247550
1.770322
0.971950
8.699453
5.542228
7.032762
4.851317
9.098313
5.346979
9.801199
5.861186
8.931259
7.260123
4.909566
9.795275
4.107723
2.823630
6.514187
2.012971
7.098435
6.622687
4.584747
5.379001
6.727654
1.817989
3.910498
8.933537
3.830565
5.754470
9.061463
5.118628
3.862568
2.021035
0.767252
1.785263
7.753653
5.762584
9.552302
4.050765
9.260041
6.998153
9.846875
8.489566
2.174320
1.891539
6.419539
4.661230
0.950123
6.741942
8.709020
6.757522
0.548349
3.878477
4.543098
2.850643
9.957201
6.608239
7.034018
0.135982
2.793884
8.943595
0.144952
5.326930
7.656792
9.640014
2.588216
9.811183
6.783715
5.792977
6.390214
6.470553
8.636534
7.681020
3.185581
6.816192
4.129151
1.729586
6.044319
2.141360
9.815792
5.897462
4.317079
9.405209
0.618391
7.847076
4.531894
6.607904
8.437797
5.514575
5.209351
9.833530
0.317979
4.318715
8.270510
7.048544
9.548408
0.531487
6.088639
0.724588
3.736738
6.107665
3.505637
4.691392
0.692471
1.601256
6.774656
0.859693
6.157043
7.117109
7.303367
1.830419
1.144845
2.448099
6.018221
5.915161
0.504003
0.885798
9.013130
4.679178
6.025376
7.988381
2.372627
4.058743
9.552588
7.147777
0.845452
1.538981
6.199600
2.502079
5.869390
5.265571
3.130314
0.268292
3.183868
8.360442
7.906548
1.651887
9.499413
6.321729
9.322215
4.724208
8.158479
0.506956
0.707637
3.214888
3.703469
3.663212
9.528942
0.618731
8.245217
7.536753
1.964048
3.275209
5.578607
4.150582
2.047616
1.784708
2.192051
6.039196
3.844716
8.673264
0.580733
2.495328
